function A = data

A = [56.624882 502.087796
62.024882 478.207796
413.384882 483.72779599999996
413.384882 472.68779599999993
458.984882 483.72779599999996
458.984882 472.68779599999993
501.584882 478.207796
614.984882 483.72779599999996
614.984882 472.68779599999993
671.624882 478.207796
714.104882 483.72779599999996
714.104882 472.68779599999993
763.784882 483.72779599999996
763.784882 472.68779599999993
678.824882 572.767796
62.024882 406.3277959999999
62.024882 301.447796
104.624882 312.36779599999994
104.624882 301.447796
104.624882 290.40779599999996
175.424882 461.28779599999996
175.424882 450.247796
175.424882 439.207796
175.424882 428.28779599999996
175.424882 417.247796
175.424882 406.3277959999999
175.424882 395.28779599999996
175.424882 384.367796
175.424882 373.3277959999999
175.424882 362.40779599999996
175.424882 351.367796
175.424882 334.447796
175.424882 323.40779599999996
175.424882 312.36779599999994
175.424882 301.447796
175.424882 290.40779599999996
175.424882 279.48779599999995
175.424882 268.447796
358.304882 406.3277959999999
614.984882 417.247796
614.984882 406.3277959999999
614.984882 395.28779599999996
671.624882 417.247796
671.624882 406.3277959999999
671.624882 395.28779599999996
358.304882 301.447796
62.024882 224.04779599999995
104.624882 234.96779599999996
104.624882 224.04779599999995
104.624882 213.00779599999998
175.424882 240.48779599999995
175.424882 229.567796
175.424882 218.52779599999997
175.424882 207.48779599999995
358.304882 224.04779599999995
62.024882 157.567796
104.624882 163.08779599999997
104.624882 152.16779599999995
175.424882 168.60779599999995
175.424882 157.567796
175.424882 146.64779599999997
62.024882 96.72779599999996
104.624882 102.12779599999999
104.624882 91.20779599999997
175.424882 118.68779599999993
175.424882 107.64779599999997
175.424882 96.72779599999996
175.424882 85.68779599999993
175.424882 74.76779599999998
358.304882 157.567796
358.304882 96.72779599999996
714.104882 444.72779599999996
714.104882 433.80779599999994
714.104882 422.767796
714.104882 411.84779599999996
714.104882 400.80779599999994
714.104882 389.767796
714.104882 378.84779599999996
714.104882 367.80779599999994
714.104882 339.84779599999996
714.104882 328.92779599999994
714.104882 317.887796
714.104882 306.96779599999996
714.104882 295.92779599999994
714.104882 285.007796
714.104882 273.96779599999996
714.104882 262.92779599999994
714.104882 251.52779599999997
714.104882 240.48779599999995
714.104882 229.567796
714.104882 218.52779599999997
714.104882 207.48779599999995
714.104882 196.567796
714.104882 185.04779599999995
714.104882 174.127796
714.104882 163.08779599999997
714.104882 152.16779599999995
714.104882 141.127796
714.104882 130.08779599999997
714.104882 113.16779599999995
714.104882 102.12779599999999
714.104882 91.20779599999997
714.104882 80.16779599999995
763.784882 406.3277959999999
763.784882 301.447796
763.784882 224.04779599999995
763.784882 157.567796
763.784882 96.72779599999996
776.504882 50.04779599999996
614.984882 306.96779599999996
614.984882 295.92779599999994
671.624882 312.36779599999994
671.624882 301.447796
671.624882 290.40779599999996
614.984882 229.567796
614.984882 218.52779599999997
671.624882 234.96779599999996
671.624882 224.04779599999995
671.624882 213.00779599999998
614.984882 168.60779599999995
614.984882 157.567796
614.984882 146.64779599999997
671.624882 168.60779599999995
671.624882 157.567796
671.624882 146.64779599999997
614.984882 107.64779599999997
614.984882 96.72779599999996
614.984882 85.68779599999993
671.624882 96.72779599999996
678.824882 572.767796
62.024882 502.447796
413.384882 507.96779599999996
413.384882 496.92779599999994
458.984882 507.96779599999996
458.984882 496.92779599999994
501.584882 502.447796
614.984882 507.96779599999996
614.984882 496.92779599999994
671.624882 502.447796
175.424882 485.40779599999996
175.424882 474.48779599999995
175.424882 463.4477959999999
175.424882 452.52779599999997
175.424882 441.487796
175.424882 430.4477959999999
175.424882 419.52779599999997
175.424882 408.487796
175.424882 397.56779599999993
62.024882 347.64779599999997
104.624882 358.56779599999993
104.624882 347.64779599999997
104.624882 336.60779599999995
175.424882 369.60779599999995
175.424882 358.56779599999993
175.424882 347.64779599999997
175.424882 336.60779599999995
175.424882 325.68779599999993
358.304882 347.64779599999997
62.024882 259.207796
104.624882 270.24779599999994
104.624882 259.207796
104.624882 248.28779599999996
175.424882 275.64779599999997
175.424882 264.72779599999996
175.424882 253.68779599999993
175.424882 242.76779599999998
358.304882 259.207796
614.984882 353.04779599999995
614.984882 342.127796
671.624882 358.56779599999993
671.624882 347.64779599999997
671.624882 336.60779599999995
614.984882 264.72779599999996
614.984882 253.68779599999993
671.624882 270.24779599999994
671.624882 259.207796
671.624882 248.28779599999996
62.024882 192.84779599999996
104.624882 203.76779599999998
104.624882 192.84779599999996
104.624882 181.80779599999994
175.424882 203.76779599999998
175.424882 192.84779599999996
175.424882 181.80779599999994
358.304882 192.84779599999996
614.984882 198.24779599999994
614.984882 187.32779599999998
671.624882 192.84779599999996
62.024882 126.36779599999994
175.424882 164.88779599999998
175.424882 153.84779599999996
175.424882 142.80779599999994
175.424882 131.88779599999998
175.424882 120.84779599999996
175.424882 109.92779599999994
175.424882 98.88779599999998
175.424882 87.96779599999991
358.304882 126.36779599999994
551.144882 131.88779599999998
551.144882 120.84779599999996
614.984882 131.88779599999998
614.984882 120.84779599999996
671.624882 137.40779599999996
671.624882 126.36779599999994
671.624882 115.44779599999998
763.784882 507.96779599999996
763.784882 496.92779599999994
714.104882 507.96779599999996
714.104882 496.92779599999994
714.104882 485.40779599999996
714.104882 474.48779599999995
714.104882 386.04779599999995
714.104882 375.127796
714.104882 364.08779599999997
714.104882 353.04779599999995
714.104882 342.127796
714.104882 331.08779599999997
714.104882 320.16779599999995
714.104882 309.127796
714.104882 297.72779599999996
714.104882 286.68779599999993
714.104882 275.64779599999997
714.104882 264.72779599999996
714.104882 253.68779599999993
714.104882 242.76779599999998
714.104882 231.72779599999996
714.104882 220.80779599999994
714.104882 209.28779599999996
714.104882 198.24779599999994
714.104882 187.32779599999998
714.104882 176.28779599999996
714.104882 153.84779599999996
714.104882 142.80779599999994
714.104882 131.88779599999998
714.104882 120.84779599999996
714.104882 109.92779599999994
714.104882 98.88779599999998
763.784882 347.64779599999997
763.784882 259.207796
763.784882 192.84779599999996
763.784882 126.36779599999994
776.504882 50.04779599999996
62.024882 502.447796
413.384882 507.96779599999996
413.384882 496.92779599999994
458.984882 507.96779599999996
458.984882 496.92779599999994
501.584882 502.447796
614.984882 507.96779599999996
614.984882 496.92779599999994
671.624882 502.447796
358.304882 447.007796
551.144882 452.52779599999997
551.144882 441.487796
614.984882 452.52779599999997
614.984882 441.487796
671.624882 457.92779599999994
671.624882 447.007796
671.624882 435.96779599999996
358.304882 309.127796
551.144882 314.64779599999997
551.144882 303.60779599999995
614.984882 314.64779599999997
614.984882 303.60779599999995
671.624882 320.16779599999995
671.624882 309.127796
671.624882 298.207796
62.024882 447.007796
62.024882 309.127796
104.624882 314.64779599999997
104.624882 303.60779599999995
62.024882 193.32779599999998
104.624882 198.84779599999996
104.624882 187.80779599999994
62.024882 137.88779599999998
104.624882 143.40779599999996
104.624882 132.36779599999994
175.424882 479.887796
175.424882 468.96779599999996
175.424882 457.92779599999994
175.424882 447.007796
175.424882 435.96779599999996
175.424882 425.04779599999995
175.424882 414.007796
